title: Season of the Splicer (s14)

// Gridskipper
dimwishlist:item=1621558458&perks=1482024992,1087426260,1570042021,4104185692
dimwishlist:item=1621558458&perks=1840239774,1087426260,1570042021,4104185692
dimwishlist:item=1621558458&perks=4090651448,1087426260,1570042021,4104185692
dimwishlist:item=1621558458&perks=839105230,1087426260,1570042021,4104185692
dimwishlist:item=1621558458&perks=3250034553,1087426260,1570042021,4104185692
dimwishlist:item=1621558458&perks=1392496348,1087426260,1570042021,4104185692
dimwishlist:item=1621558458&perks=1482024992,1885400500,1570042021,4104185692
dimwishlist:item=1621558458&perks=1840239774,1885400500,1570042021,4104185692
dimwishlist:item=1621558458&perks=4090651448,1885400500,1570042021,4104185692
dimwishlist:item=1621558458&perks=839105230,1885400500,1570042021,4104185692
dimwishlist:item=1621558458&perks=3250034553,1885400500,1570042021,4104185692
dimwishlist:item=1621558458&perks=1392496348,1885400500,1570042021,4104185692
dimwishlist:item=1621558458&perks=1482024992,3230963543,1570042021,4104185692
dimwishlist:item=1621558458&perks=1840239774,3230963543,1570042021,4104185692
dimwishlist:item=1621558458&perks=4090651448,3230963543,1570042021,4104185692
dimwishlist:item=1621558458&perks=839105230,3230963543,1570042021,4104185692
dimwishlist:item=1621558458&perks=3250034553,3230963543,1570042021,4104185692
dimwishlist:item=1621558458&perks=1392496348,3230963543,1570042021,4104185692
dimwishlist:item=1621558458&perks=1482024992,679225683,1570042021,4104185692
dimwishlist:item=1621558458&perks=1840239774,679225683,1570042021,4104185692
dimwishlist:item=1621558458&perks=4090651448,679225683,1570042021,4104185692
dimwishlist:item=1621558458&perks=839105230,679225683,1570042021,4104185692
dimwishlist:item=1621558458&perks=3250034553,679225683,1570042021,4104185692
dimwishlist:item=1621558458&perks=1392496348,679225683,1570042021,4104185692
dimwishlist:item=1621558458&perks=1482024992,1087426260,2450788523,4104185692
dimwishlist:item=1621558458&perks=1840239774,1087426260,2450788523,4104185692
dimwishlist:item=1621558458&perks=4090651448,1087426260,2450788523,4104185692
dimwishlist:item=1621558458&perks=839105230,1087426260,2450788523,4104185692
dimwishlist:item=1621558458&perks=3250034553,1087426260,2450788523,4104185692
dimwishlist:item=1621558458&perks=1392496348,1087426260,2450788523,4104185692
dimwishlist:item=1621558458&perks=1482024992,1885400500,2450788523,4104185692
dimwishlist:item=1621558458&perks=1840239774,1885400500,2450788523,4104185692
dimwishlist:item=1621558458&perks=4090651448,1885400500,2450788523,4104185692
dimwishlist:item=1621558458&perks=839105230,1885400500,2450788523,4104185692
dimwishlist:item=1621558458&perks=3250034553,1885400500,2450788523,4104185692
dimwishlist:item=1621558458&perks=1392496348,1885400500,2450788523,4104185692
dimwishlist:item=1621558458&perks=1482024992,3230963543,2450788523,4104185692
dimwishlist:item=1621558458&perks=1840239774,3230963543,2450788523,4104185692
dimwishlist:item=1621558458&perks=4090651448,3230963543,2450788523,4104185692
dimwishlist:item=1621558458&perks=839105230,3230963543,2450788523,4104185692
dimwishlist:item=1621558458&perks=3250034553,3230963543,2450788523,4104185692
dimwishlist:item=1621558458&perks=1392496348,3230963543,2450788523,4104185692
dimwishlist:item=1621558458&perks=1482024992,679225683,2450788523,4104185692
dimwishlist:item=1621558458&perks=1840239774,679225683,2450788523,4104185692
dimwishlist:item=1621558458&perks=4090651448,679225683,2450788523,4104185692
dimwishlist:item=1621558458&perks=839105230,679225683,2450788523,4104185692
dimwishlist:item=1621558458&perks=3250034553,679225683,2450788523,4104185692
dimwishlist:item=1621558458&perks=1392496348,679225683,2450788523,4104185692
dimwishlist:item=1621558458&perks=1482024992,1087426260,1570042021,2213355989
dimwishlist:item=1621558458&perks=1840239774,1087426260,1570042021,2213355989
dimwishlist:item=1621558458&perks=4090651448,1087426260,1570042021,2213355989
dimwishlist:item=1621558458&perks=839105230,1087426260,1570042021,2213355989
dimwishlist:item=1621558458&perks=3250034553,1087426260,1570042021,2213355989
dimwishlist:item=1621558458&perks=1392496348,1087426260,1570042021,2213355989
dimwishlist:item=1621558458&perks=1482024992,1885400500,1570042021,2213355989
dimwishlist:item=1621558458&perks=1840239774,1885400500,1570042021,2213355989
dimwishlist:item=1621558458&perks=4090651448,1885400500,1570042021,2213355989
dimwishlist:item=1621558458&perks=839105230,1885400500,1570042021,2213355989
dimwishlist:item=1621558458&perks=3250034553,1885400500,1570042021,2213355989
dimwishlist:item=1621558458&perks=1392496348,1885400500,1570042021,2213355989
dimwishlist:item=1621558458&perks=1482024992,3230963543,1570042021,2213355989
dimwishlist:item=1621558458&perks=1840239774,3230963543,1570042021,2213355989
dimwishlist:item=1621558458&perks=4090651448,3230963543,1570042021,2213355989
dimwishlist:item=1621558458&perks=839105230,3230963543,1570042021,2213355989
dimwishlist:item=1621558458&perks=3250034553,3230963543,1570042021,2213355989
dimwishlist:item=1621558458&perks=1392496348,3230963543,1570042021,2213355989
dimwishlist:item=1621558458&perks=1482024992,679225683,1570042021,2213355989
dimwishlist:item=1621558458&perks=1840239774,679225683,1570042021,2213355989
dimwishlist:item=1621558458&perks=4090651448,679225683,1570042021,2213355989
dimwishlist:item=1621558458&perks=839105230,679225683,1570042021,2213355989
dimwishlist:item=1621558458&perks=3250034553,679225683,1570042021,2213355989
dimwishlist:item=1621558458&perks=1392496348,679225683,1570042021,2213355989
dimwishlist:item=1621558458&perks=1482024992,1087426260,2450788523,2213355989
dimwishlist:item=1621558458&perks=1840239774,1087426260,2450788523,2213355989
dimwishlist:item=1621558458&perks=4090651448,1087426260,2450788523,2213355989
dimwishlist:item=1621558458&perks=839105230,1087426260,2450788523,2213355989
dimwishlist:item=1621558458&perks=3250034553,1087426260,2450788523,2213355989
dimwishlist:item=1621558458&perks=1392496348,1087426260,2450788523,2213355989
dimwishlist:item=1621558458&perks=1482024992,1885400500,2450788523,2213355989
dimwishlist:item=1621558458&perks=1840239774,1885400500,2450788523,2213355989
dimwishlist:item=1621558458&perks=4090651448,1885400500,2450788523,2213355989
dimwishlist:item=1621558458&perks=839105230,1885400500,2450788523,2213355989
dimwishlist:item=1621558458&perks=3250034553,1885400500,2450788523,2213355989
dimwishlist:item=1621558458&perks=1392496348,1885400500,2450788523,2213355989
dimwishlist:item=1621558458&perks=1482024992,3230963543,2450788523,2213355989
dimwishlist:item=1621558458&perks=1840239774,3230963543,2450788523,2213355989
dimwishlist:item=1621558458&perks=4090651448,3230963543,2450788523,2213355989
dimwishlist:item=1621558458&perks=839105230,3230963543,2450788523,2213355989
dimwishlist:item=1621558458&perks=3250034553,3230963543,2450788523,2213355989
dimwishlist:item=1621558458&perks=1392496348,3230963543,2450788523,2213355989
dimwishlist:item=1621558458&perks=1482024992,679225683,2450788523,2213355989
dimwishlist:item=1621558458&perks=1840239774,679225683,2450788523,2213355989
dimwishlist:item=1621558458&perks=4090651448,679225683,2450788523,2213355989
dimwishlist:item=1621558458&perks=839105230,679225683,2450788523,2213355989
dimwishlist:item=1621558458&perks=3250034553,679225683,2450788523,2213355989
dimwishlist:item=1621558458&perks=1392496348,679225683,2450788523,2213355989

// Chroma Rush
dimwishlist:item=1119734784&perks=1482024992,3142289711,1570042021,1015611457
dimwishlist:item=1119734784&perks=4090651448,3142289711,1570042021,1015611457
dimwishlist:item=1119734784&perks=1482024992,106909392,1570042021,1015611457
dimwishlist:item=1119734784&perks=4090651448,106909392,1570042021,1015611457
dimwishlist:item=1119734784&perks=1482024992,1087426260,1570042021,1015611457
dimwishlist:item=1119734784&perks=4090651448,1087426260,1570042021,1015611457
dimwishlist:item=1119734784&perks=1482024992,3230963543,1570042021,1015611457
dimwishlist:item=1119734784&perks=4090651448,3230963543,1570042021,1015611457
dimwishlist:item=1119734784&perks=1482024992,3142289711,1820235745,1015611457
dimwishlist:item=1119734784&perks=4090651448,3142289711,1820235745,1015611457
dimwishlist:item=1119734784&perks=1482024992,106909392,1820235745,1015611457
dimwishlist:item=1119734784&perks=4090651448,106909392,1820235745,1015611457
dimwishlist:item=1119734784&perks=1482024992,1087426260,1820235745,1015611457
dimwishlist:item=1119734784&perks=4090651448,1087426260,1820235745,1015611457
dimwishlist:item=1119734784&perks=1482024992,3230963543,1820235745,1015611457
dimwishlist:item=1119734784&perks=4090651448,3230963543,1820235745,1015611457
dimwishlist:item=1119734784&perks=1482024992,3142289711,1359896290,1015611457
dimwishlist:item=1119734784&perks=4090651448,3142289711,1359896290,1015611457
dimwishlist:item=1119734784&perks=1482024992,106909392,1359896290,1015611457
dimwishlist:item=1119734784&perks=4090651448,106909392,1359896290,1015611457
dimwishlist:item=1119734784&perks=1482024992,1087426260,1359896290,1015611457
dimwishlist:item=1119734784&perks=4090651448,1087426260,1359896290,1015611457
dimwishlist:item=1119734784&perks=1482024992,3230963543,1359896290,1015611457
dimwishlist:item=1119734784&perks=4090651448,3230963543,1359896290,1015611457
dimwishlist:item=1119734784&perks=1482024992,3142289711,2779035018,1015611457
dimwishlist:item=1119734784&perks=4090651448,3142289711,2779035018,1015611457
dimwishlist:item=1119734784&perks=1482024992,106909392,2779035018,1015611457
dimwishlist:item=1119734784&perks=4090651448,106909392,2779035018,1015611457
dimwishlist:item=1119734784&perks=1482024992,1087426260,2779035018,1015611457
dimwishlist:item=1119734784&perks=4090651448,1087426260,2779035018,1015611457
dimwishlist:item=1119734784&perks=1482024992,3230963543,2779035018,1015611457
dimwishlist:item=1119734784&perks=4090651448,3230963543,2779035018,1015611457
dimwishlist:item=1119734784&perks=1482024992,3142289711,1570042021,3425386926
dimwishlist:item=1119734784&perks=4090651448,3142289711,1570042021,3425386926
dimwishlist:item=1119734784&perks=1482024992,106909392,1570042021,3425386926
dimwishlist:item=1119734784&perks=4090651448,106909392,1570042021,3425386926
dimwishlist:item=1119734784&perks=1482024992,1087426260,1570042021,3425386926
dimwishlist:item=1119734784&perks=4090651448,1087426260,1570042021,3425386926
dimwishlist:item=1119734784&perks=1482024992,3230963543,1570042021,3425386926
dimwishlist:item=1119734784&perks=4090651448,3230963543,1570042021,3425386926
dimwishlist:item=1119734784&perks=1482024992,3142289711,1820235745,3425386926
dimwishlist:item=1119734784&perks=4090651448,3142289711,1820235745,3425386926
dimwishlist:item=1119734784&perks=1482024992,106909392,1820235745,3425386926
dimwishlist:item=1119734784&perks=4090651448,106909392,1820235745,3425386926
dimwishlist:item=1119734784&perks=1482024992,1087426260,1820235745,3425386926
dimwishlist:item=1119734784&perks=4090651448,1087426260,1820235745,3425386926
dimwishlist:item=1119734784&perks=1482024992,3230963543,1820235745,3425386926
dimwishlist:item=1119734784&perks=4090651448,3230963543,1820235745,3425386926
dimwishlist:item=1119734784&perks=1482024992,3142289711,1359896290,3425386926
dimwishlist:item=1119734784&perks=4090651448,3142289711,1359896290,3425386926
dimwishlist:item=1119734784&perks=1482024992,106909392,1359896290,3425386926
dimwishlist:item=1119734784&perks=4090651448,106909392,1359896290,3425386926
dimwishlist:item=1119734784&perks=1482024992,1087426260,1359896290,3425386926
dimwishlist:item=1119734784&perks=4090651448,1087426260,1359896290,3425386926
dimwishlist:item=1119734784&perks=1482024992,3230963543,1359896290,3425386926
dimwishlist:item=1119734784&perks=4090651448,3230963543,1359896290,3425386926
dimwishlist:item=1119734784&perks=1482024992,3142289711,2779035018,3425386926
dimwishlist:item=1119734784&perks=4090651448,3142289711,2779035018,3425386926
dimwishlist:item=1119734784&perks=1482024992,106909392,2779035018,3425386926
dimwishlist:item=1119734784&perks=4090651448,106909392,2779035018,3425386926
dimwishlist:item=1119734784&perks=1482024992,1087426260,2779035018,3425386926
dimwishlist:item=1119734784&perks=4090651448,1087426260,2779035018,3425386926
dimwishlist:item=1119734784&perks=1482024992,3230963543,2779035018,3425386926
dimwishlist:item=1119734784&perks=4090651448,3230963543,2779035018,3425386926
dimwishlist:item=1119734784&perks=1482024992,3142289711,1570042021,3592538738
dimwishlist:item=1119734784&perks=4090651448,3142289711,1570042021,3592538738
dimwishlist:item=1119734784&perks=1482024992,106909392,1570042021,3592538738
dimwishlist:item=1119734784&perks=4090651448,106909392,1570042021,3592538738
dimwishlist:item=1119734784&perks=1482024992,1087426260,1570042021,3592538738
dimwishlist:item=1119734784&perks=4090651448,1087426260,1570042021,3592538738
dimwishlist:item=1119734784&perks=1482024992,3230963543,1570042021,3592538738
dimwishlist:item=1119734784&perks=4090651448,3230963543,1570042021,3592538738
dimwishlist:item=1119734784&perks=1482024992,3142289711,1820235745,3592538738
dimwishlist:item=1119734784&perks=4090651448,3142289711,1820235745,3592538738
dimwishlist:item=1119734784&perks=1482024992,106909392,1820235745,3592538738
dimwishlist:item=1119734784&perks=4090651448,106909392,1820235745,3592538738
dimwishlist:item=1119734784&perks=1482024992,1087426260,1820235745,3592538738
dimwishlist:item=1119734784&perks=4090651448,1087426260,1820235745,3592538738
dimwishlist:item=1119734784&perks=1482024992,3230963543,1820235745,3592538738
dimwishlist:item=1119734784&perks=4090651448,3230963543,1820235745,3592538738
dimwishlist:item=1119734784&perks=1482024992,3142289711,1359896290,3592538738
dimwishlist:item=1119734784&perks=4090651448,3142289711,1359896290,3592538738
dimwishlist:item=1119734784&perks=1482024992,106909392,1359896290,3592538738
dimwishlist:item=1119734784&perks=4090651448,106909392,1359896290,3592538738
dimwishlist:item=1119734784&perks=1482024992,1087426260,1359896290,3592538738
dimwishlist:item=1119734784&perks=4090651448,1087426260,1359896290,3592538738
dimwishlist:item=1119734784&perks=1482024992,3230963543,1359896290,3592538738
dimwishlist:item=1119734784&perks=4090651448,3230963543,1359896290,3592538738
dimwishlist:item=1119734784&perks=1482024992,3142289711,2779035018,3592538738
dimwishlist:item=1119734784&perks=4090651448,3142289711,2779035018,3592538738
dimwishlist:item=1119734784&perks=1482024992,106909392,2779035018,3592538738
dimwishlist:item=1119734784&perks=4090651448,106909392,2779035018,3592538738
dimwishlist:item=1119734784&perks=1482024992,1087426260,2779035018,3592538738
dimwishlist:item=1119734784&perks=4090651448,1087426260,2779035018,3592538738
dimwishlist:item=1119734784&perks=1482024992,3230963543,2779035018,3592538738
dimwishlist:item=1119734784&perks=4090651448,3230963543,2779035018,3592538738
dimwishlist:item=1119734784&perks=1482024992,3142289711,1570042021,2726471870
dimwishlist:item=1119734784&perks=4090651448,3142289711,1570042021,2726471870
dimwishlist:item=1119734784&perks=1482024992,106909392,1570042021,2726471870
dimwishlist:item=1119734784&perks=4090651448,106909392,1570042021,2726471870
dimwishlist:item=1119734784&perks=1482024992,1087426260,1570042021,2726471870
dimwishlist:item=1119734784&perks=4090651448,1087426260,1570042021,2726471870
dimwishlist:item=1119734784&perks=1482024992,3230963543,1570042021,2726471870
dimwishlist:item=1119734784&perks=4090651448,3230963543,1570042021,2726471870
dimwishlist:item=1119734784&perks=1482024992,3142289711,1820235745,2726471870
dimwishlist:item=1119734784&perks=4090651448,3142289711,1820235745,2726471870
dimwishlist:item=1119734784&perks=1482024992,106909392,1820235745,2726471870
dimwishlist:item=1119734784&perks=4090651448,106909392,1820235745,2726471870
dimwishlist:item=1119734784&perks=1482024992,1087426260,1820235745,2726471870
dimwishlist:item=1119734784&perks=4090651448,1087426260,1820235745,2726471870
dimwishlist:item=1119734784&perks=1482024992,3230963543,1820235745,2726471870
dimwishlist:item=1119734784&perks=4090651448,3230963543,1820235745,2726471870
dimwishlist:item=1119734784&perks=1482024992,3142289711,1359896290,2726471870
dimwishlist:item=1119734784&perks=4090651448,3142289711,1359896290,2726471870
dimwishlist:item=1119734784&perks=1482024992,106909392,1359896290,2726471870
dimwishlist:item=1119734784&perks=4090651448,106909392,1359896290,2726471870
dimwishlist:item=1119734784&perks=1482024992,1087426260,1359896290,2726471870
dimwishlist:item=1119734784&perks=4090651448,1087426260,1359896290,2726471870
dimwishlist:item=1119734784&perks=1482024992,3230963543,1359896290,2726471870
dimwishlist:item=1119734784&perks=4090651448,3230963543,1359896290,2726471870
dimwishlist:item=1119734784&perks=1482024992,3142289711,2779035018,2726471870
dimwishlist:item=1119734784&perks=4090651448,3142289711,2779035018,2726471870
dimwishlist:item=1119734784&perks=1482024992,106909392,2779035018,2726471870
dimwishlist:item=1119734784&perks=4090651448,106909392,2779035018,2726471870
dimwishlist:item=1119734784&perks=1482024992,1087426260,2779035018,2726471870
dimwishlist:item=1119734784&perks=4090651448,1087426260,2779035018,2726471870
dimwishlist:item=1119734784&perks=1482024992,3230963543,2779035018,2726471870
dimwishlist:item=1119734784&perks=4090651448,3230963543,2779035018,2726471870


// Ignition Code
dimwishlist:item=304659313&perks=3525010810,3032599245,3161816588,1546637391
dimwishlist:item=304659313&perks=1441682018,3032599245,3161816588,1546637391
dimwishlist:item=304659313&perks=981914802,3032599245,3161816588,1546637391
dimwishlist:item=304659313&perks=3798852852,3032599245,3161816588,1546637391
dimwishlist:item=304659313&perks=3525010810,3301904089,3161816588,1546637391
dimwishlist:item=304659313&perks=1441682018,3301904089,3161816588,1546637391
dimwishlist:item=304659313&perks=981914802,3301904089,3161816588,1546637391
dimwishlist:item=304659313&perks=3798852852,3301904089,3161816588,1546637391
dimwishlist:item=304659313&perks=3525010810,2822142346,3161816588,1546637391
dimwishlist:item=304659313&perks=1441682018,2822142346,3161816588,1546637391
dimwishlist:item=304659313&perks=981914802,2822142346,3161816588,1546637391
dimwishlist:item=304659313&perks=3798852852,2822142346,3161816588,1546637391
dimwishlist:item=304659313&perks=3525010810,409831596,3161816588,1546637391
dimwishlist:item=304659313&perks=1441682018,409831596,3161816588,1546637391
dimwishlist:item=304659313&perks=981914802,409831596,3161816588,1546637391
dimwishlist:item=304659313&perks=3798852852,409831596,3161816588,1546637391
dimwishlist:item=304659313&perks=3525010810,3032599245,2010801679,1546637391
dimwishlist:item=304659313&perks=1441682018,3032599245,2010801679,1546637391
dimwishlist:item=304659313&perks=981914802,3032599245,2010801679,1546637391
dimwishlist:item=304659313&perks=3798852852,3032599245,2010801679,1546637391
dimwishlist:item=304659313&perks=3525010810,3301904089,2010801679,1546637391
dimwishlist:item=304659313&perks=1441682018,3301904089,2010801679,1546637391
dimwishlist:item=304659313&perks=981914802,3301904089,2010801679,1546637391
dimwishlist:item=304659313&perks=3798852852,3301904089,2010801679,1546637391
dimwishlist:item=304659313&perks=3525010810,2822142346,2010801679,1546637391
dimwishlist:item=304659313&perks=1441682018,2822142346,2010801679,1546637391
dimwishlist:item=304659313&perks=981914802,2822142346,2010801679,1546637391
dimwishlist:item=304659313&perks=3798852852,2822142346,2010801679,1546637391
dimwishlist:item=304659313&perks=3525010810,409831596,2010801679,1546637391
dimwishlist:item=304659313&perks=1441682018,409831596,2010801679,1546637391
dimwishlist:item=304659313&perks=981914802,409831596,2010801679,1546637391
dimwishlist:item=304659313&perks=3798852852,409831596,2010801679,1546637391
dimwishlist:item=304659313&perks=3525010810,3032599245,2869569095,1546637391
dimwishlist:item=304659313&perks=1441682018,3032599245,2869569095,1546637391
dimwishlist:item=304659313&perks=981914802,3032599245,2869569095,1546637391
dimwishlist:item=304659313&perks=3798852852,3032599245,2869569095,1546637391
dimwishlist:item=304659313&perks=3525010810,3301904089,2869569095,1546637391
dimwishlist:item=304659313&perks=1441682018,3301904089,2869569095,1546637391
dimwishlist:item=304659313&perks=981914802,3301904089,2869569095,1546637391
dimwishlist:item=304659313&perks=3798852852,3301904089,2869569095,1546637391
dimwishlist:item=304659313&perks=3525010810,2822142346,2869569095,1546637391
dimwishlist:item=304659313&perks=1441682018,2822142346,2869569095,1546637391
dimwishlist:item=304659313&perks=981914802,2822142346,2869569095,1546637391
dimwishlist:item=304659313&perks=3798852852,2822142346,2869569095,1546637391
dimwishlist:item=304659313&perks=3525010810,409831596,2869569095,1546637391
dimwishlist:item=304659313&perks=1441682018,409831596,2869569095,1546637391
dimwishlist:item=304659313&perks=981914802,409831596,2869569095,1546637391
dimwishlist:item=304659313&perks=3798852852,409831596,2869569095,1546637391
dimwishlist:item=304659313&perks=3525010810,3032599245,3161816588,4104185692
dimwishlist:item=304659313&perks=1441682018,3032599245,3161816588,4104185692
dimwishlist:item=304659313&perks=981914802,3032599245,3161816588,4104185692
dimwishlist:item=304659313&perks=3798852852,3032599245,3161816588,4104185692
dimwishlist:item=304659313&perks=3525010810,3301904089,3161816588,4104185692
dimwishlist:item=304659313&perks=1441682018,3301904089,3161816588,4104185692
dimwishlist:item=304659313&perks=981914802,3301904089,3161816588,4104185692
dimwishlist:item=304659313&perks=3798852852,3301904089,3161816588,4104185692
dimwishlist:item=304659313&perks=3525010810,2822142346,3161816588,4104185692
dimwishlist:item=304659313&perks=1441682018,2822142346,3161816588,4104185692
dimwishlist:item=304659313&perks=981914802,2822142346,3161816588,4104185692
dimwishlist:item=304659313&perks=3798852852,2822142346,3161816588,4104185692
dimwishlist:item=304659313&perks=3525010810,409831596,3161816588,4104185692
dimwishlist:item=304659313&perks=1441682018,409831596,3161816588,4104185692
dimwishlist:item=304659313&perks=981914802,409831596,3161816588,4104185692
dimwishlist:item=304659313&perks=3798852852,409831596,3161816588,4104185692
dimwishlist:item=304659313&perks=3525010810,3032599245,2010801679,4104185692
dimwishlist:item=304659313&perks=1441682018,3032599245,2010801679,4104185692
dimwishlist:item=304659313&perks=981914802,3032599245,2010801679,4104185692
dimwishlist:item=304659313&perks=3798852852,3032599245,2010801679,4104185692
dimwishlist:item=304659313&perks=3525010810,3301904089,2010801679,4104185692
dimwishlist:item=304659313&perks=1441682018,3301904089,2010801679,4104185692
dimwishlist:item=304659313&perks=981914802,3301904089,2010801679,4104185692
dimwishlist:item=304659313&perks=3798852852,3301904089,2010801679,4104185692
dimwishlist:item=304659313&perks=3525010810,2822142346,2010801679,4104185692
dimwishlist:item=304659313&perks=1441682018,2822142346,2010801679,4104185692
dimwishlist:item=304659313&perks=981914802,2822142346,2010801679,4104185692
dimwishlist:item=304659313&perks=3798852852,2822142346,2010801679,4104185692
dimwishlist:item=304659313&perks=3525010810,409831596,2010801679,4104185692
dimwishlist:item=304659313&perks=1441682018,409831596,2010801679,4104185692
dimwishlist:item=304659313&perks=981914802,409831596,2010801679,4104185692
dimwishlist:item=304659313&perks=3798852852,409831596,2010801679,4104185692
dimwishlist:item=304659313&perks=3525010810,3032599245,2869569095,4104185692
dimwishlist:item=304659313&perks=1441682018,3032599245,2869569095,4104185692
dimwishlist:item=304659313&perks=981914802,3032599245,2869569095,4104185692
dimwishlist:item=304659313&perks=3798852852,3032599245,2869569095,4104185692
dimwishlist:item=304659313&perks=3525010810,3301904089,2869569095,4104185692
dimwishlist:item=304659313&perks=1441682018,3301904089,2869569095,4104185692
dimwishlist:item=304659313&perks=981914802,3301904089,2869569095,4104185692
dimwishlist:item=304659313&perks=3798852852,3301904089,2869569095,4104185692
dimwishlist:item=304659313&perks=3525010810,2822142346,2869569095,4104185692
dimwishlist:item=304659313&perks=1441682018,2822142346,2869569095,4104185692
dimwishlist:item=304659313&perks=981914802,2822142346,2869569095,4104185692
dimwishlist:item=304659313&perks=3798852852,2822142346,2869569095,4104185692
dimwishlist:item=304659313&perks=3525010810,409831596,2869569095,4104185692
dimwishlist:item=304659313&perks=1441682018,409831596,2869569095,4104185692
dimwishlist:item=304659313&perks=981914802,409831596,2869569095,4104185692
dimwishlist:item=304659313&perks=3798852852,409831596,2869569095,4104185692
dimwishlist:item=304659313&perks=3525010810,3032599245,3161816588,4049631843
dimwishlist:item=304659313&perks=1441682018,3032599245,3161816588,4049631843
dimwishlist:item=304659313&perks=981914802,3032599245,3161816588,4049631843
dimwishlist:item=304659313&perks=3798852852,3032599245,3161816588,4049631843
dimwishlist:item=304659313&perks=3525010810,3301904089,3161816588,4049631843
dimwishlist:item=304659313&perks=1441682018,3301904089,3161816588,4049631843
dimwishlist:item=304659313&perks=981914802,3301904089,3161816588,4049631843
dimwishlist:item=304659313&perks=3798852852,3301904089,3161816588,4049631843
dimwishlist:item=304659313&perks=3525010810,2822142346,3161816588,4049631843
dimwishlist:item=304659313&perks=1441682018,2822142346,3161816588,4049631843
dimwishlist:item=304659313&perks=981914802,2822142346,3161816588,4049631843
dimwishlist:item=304659313&perks=3798852852,2822142346,3161816588,4049631843
dimwishlist:item=304659313&perks=3525010810,409831596,3161816588,4049631843
dimwishlist:item=304659313&perks=1441682018,409831596,3161816588,4049631843
dimwishlist:item=304659313&perks=981914802,409831596,3161816588,4049631843
dimwishlist:item=304659313&perks=3798852852,409831596,3161816588,4049631843
dimwishlist:item=304659313&perks=3525010810,3032599245,2010801679,4049631843
dimwishlist:item=304659313&perks=1441682018,3032599245,2010801679,4049631843
dimwishlist:item=304659313&perks=981914802,3032599245,2010801679,4049631843
dimwishlist:item=304659313&perks=3798852852,3032599245,2010801679,4049631843
dimwishlist:item=304659313&perks=3525010810,3301904089,2010801679,4049631843
dimwishlist:item=304659313&perks=1441682018,3301904089,2010801679,4049631843
dimwishlist:item=304659313&perks=981914802,3301904089,2010801679,4049631843
dimwishlist:item=304659313&perks=3798852852,3301904089,2010801679,4049631843
dimwishlist:item=304659313&perks=3525010810,2822142346,2010801679,4049631843
dimwishlist:item=304659313&perks=1441682018,2822142346,2010801679,4049631843
dimwishlist:item=304659313&perks=981914802,2822142346,2010801679,4049631843
dimwishlist:item=304659313&perks=3798852852,2822142346,2010801679,4049631843
dimwishlist:item=304659313&perks=3525010810,409831596,2010801679,4049631843
dimwishlist:item=304659313&perks=1441682018,409831596,2010801679,4049631843
dimwishlist:item=304659313&perks=981914802,409831596,2010801679,4049631843
dimwishlist:item=304659313&perks=3798852852,409831596,2010801679,4049631843
dimwishlist:item=304659313&perks=3525010810,3032599245,2869569095,4049631843
dimwishlist:item=304659313&perks=1441682018,3032599245,2869569095,4049631843
dimwishlist:item=304659313&perks=981914802,3032599245,2869569095,4049631843
dimwishlist:item=304659313&perks=3798852852,3032599245,2869569095,4049631843
dimwishlist:item=304659313&perks=3525010810,3301904089,2869569095,4049631843
dimwishlist:item=304659313&perks=1441682018,3301904089,2869569095,4049631843
dimwishlist:item=304659313&perks=981914802,3301904089,2869569095,4049631843
dimwishlist:item=304659313&perks=3798852852,3301904089,2869569095,4049631843
dimwishlist:item=304659313&perks=3525010810,2822142346,2869569095,4049631843
dimwishlist:item=304659313&perks=1441682018,2822142346,2869569095,4049631843
dimwishlist:item=304659313&perks=981914802,2822142346,2869569095,4049631843
dimwishlist:item=304659313&perks=3798852852,2822142346,2869569095,4049631843
dimwishlist:item=304659313&perks=3525010810,409831596,2869569095,4049631843
dimwishlist:item=304659313&perks=1441682018,409831596,2869569095,4049631843
dimwishlist:item=304659313&perks=981914802,409831596,2869569095,4049631843
dimwishlist:item=304659313&perks=3798852852,409831596,2869569095,4049631843


// Empty Vessel
dimwishlist:item=4255586669&perks=3525010810,3032599245,2010801679,1546637391
dimwishlist:item=4255586669&perks=1441682018,3032599245,2010801679,1546637391
dimwishlist:item=4255586669&perks=981914802,3032599245,2010801679,1546637391
dimwishlist:item=4255586669&perks=3798852852,3032599245,2010801679,1546637391
dimwishlist:item=4255586669&perks=3525010810,3301904089,2010801679,1546637391
dimwishlist:item=4255586669&perks=1441682018,3301904089,2010801679,1546637391
dimwishlist:item=4255586669&perks=981914802,3301904089,2010801679,1546637391
dimwishlist:item=4255586669&perks=3798852852,3301904089,2010801679,1546637391
dimwishlist:item=4255586669&perks=3525010810,2822142346,2010801679,1546637391
dimwishlist:item=4255586669&perks=1441682018,2822142346,2010801679,1546637391
dimwishlist:item=4255586669&perks=981914802,2822142346,2010801679,1546637391
dimwishlist:item=4255586669&perks=3798852852,2822142346,2010801679,1546637391
dimwishlist:item=4255586669&perks=3525010810,409831596,2010801679,1546637391
dimwishlist:item=4255586669&perks=1441682018,409831596,2010801679,1546637391
dimwishlist:item=4255586669&perks=981914802,409831596,2010801679,1546637391
dimwishlist:item=4255586669&perks=3798852852,409831596,2010801679,1546637391
dimwishlist:item=4255586669&perks=3525010810,3032599245,3300816228,1546637391
dimwishlist:item=4255586669&perks=1441682018,3032599245,3300816228,1546637391
dimwishlist:item=4255586669&perks=981914802,3032599245,3300816228,1546637391
dimwishlist:item=4255586669&perks=3798852852,3032599245,3300816228,1546637391
dimwishlist:item=4255586669&perks=3525010810,3301904089,3300816228,1546637391
dimwishlist:item=4255586669&perks=1441682018,3301904089,3300816228,1546637391
dimwishlist:item=4255586669&perks=981914802,3301904089,3300816228,1546637391
dimwishlist:item=4255586669&perks=3798852852,3301904089,3300816228,1546637391
dimwishlist:item=4255586669&perks=3525010810,2822142346,3300816228,1546637391
dimwishlist:item=4255586669&perks=1441682018,2822142346,3300816228,1546637391
dimwishlist:item=4255586669&perks=981914802,2822142346,3300816228,1546637391
dimwishlist:item=4255586669&perks=3798852852,2822142346,3300816228,1546637391
dimwishlist:item=4255586669&perks=3525010810,409831596,3300816228,1546637391
dimwishlist:item=4255586669&perks=1441682018,409831596,3300816228,1546637391
dimwishlist:item=4255586669&perks=981914802,409831596,3300816228,1546637391
dimwishlist:item=4255586669&perks=3798852852,409831596,3300816228,1546637391
dimwishlist:item=4255586669&perks=3525010810,3032599245,3096702027,1546637391
dimwishlist:item=4255586669&perks=1441682018,3032599245,3096702027,1546637391
dimwishlist:item=4255586669&perks=981914802,3032599245,3096702027,1546637391
dimwishlist:item=4255586669&perks=3798852852,3032599245,3096702027,1546637391
dimwishlist:item=4255586669&perks=3525010810,3301904089,3096702027,1546637391
dimwishlist:item=4255586669&perks=1441682018,3301904089,3096702027,1546637391
dimwishlist:item=4255586669&perks=981914802,3301904089,3096702027,1546637391
dimwishlist:item=4255586669&perks=3798852852,3301904089,3096702027,1546637391
dimwishlist:item=4255586669&perks=3525010810,2822142346,3096702027,1546637391
dimwishlist:item=4255586669&perks=1441682018,2822142346,3096702027,1546637391
dimwishlist:item=4255586669&perks=981914802,2822142346,3096702027,1546637391
dimwishlist:item=4255586669&perks=3798852852,2822142346,3096702027,1546637391
dimwishlist:item=4255586669&perks=3525010810,409831596,3096702027,1546637391
dimwishlist:item=4255586669&perks=1441682018,409831596,3096702027,1546637391
dimwishlist:item=4255586669&perks=981914802,409831596,3096702027,1546637391
dimwishlist:item=4255586669&perks=3798852852,409831596,3096702027,1546637391
dimwishlist:item=4255586669&perks=3525010810,3032599245,2869569095,1546637391
dimwishlist:item=4255586669&perks=1441682018,3032599245,2869569095,1546637391
dimwishlist:item=4255586669&perks=981914802,3032599245,2869569095,1546637391
dimwishlist:item=4255586669&perks=3798852852,3032599245,2869569095,1546637391
dimwishlist:item=4255586669&perks=3525010810,3301904089,2869569095,1546637391
dimwishlist:item=4255586669&perks=1441682018,3301904089,2869569095,1546637391
dimwishlist:item=4255586669&perks=981914802,3301904089,2869569095,1546637391
dimwishlist:item=4255586669&perks=3798852852,3301904089,2869569095,1546637391
dimwishlist:item=4255586669&perks=3525010810,2822142346,2869569095,1546637391
dimwishlist:item=4255586669&perks=1441682018,2822142346,2869569095,1546637391
dimwishlist:item=4255586669&perks=981914802,2822142346,2869569095,1546637391
dimwishlist:item=4255586669&perks=3798852852,2822142346,2869569095,1546637391
dimwishlist:item=4255586669&perks=3525010810,409831596,2869569095,1546637391
dimwishlist:item=4255586669&perks=1441682018,409831596,2869569095,1546637391
dimwishlist:item=4255586669&perks=981914802,409831596,2869569095,1546637391
dimwishlist:item=4255586669&perks=3798852852,409831596,2869569095,1546637391
dimwishlist:item=4255586669&perks=3525010810,3032599245,3436462433,1546637391
dimwishlist:item=4255586669&perks=1441682018,3032599245,3436462433,1546637391
dimwishlist:item=4255586669&perks=981914802,3032599245,3436462433,1546637391
dimwishlist:item=4255586669&perks=3798852852,3032599245,3436462433,1546637391
dimwishlist:item=4255586669&perks=3525010810,3301904089,3436462433,1546637391
dimwishlist:item=4255586669&perks=1441682018,3301904089,3436462433,1546637391
dimwishlist:item=4255586669&perks=981914802,3301904089,3436462433,1546637391
dimwishlist:item=4255586669&perks=3798852852,3301904089,3436462433,1546637391
dimwishlist:item=4255586669&perks=3525010810,2822142346,3436462433,1546637391
dimwishlist:item=4255586669&perks=1441682018,2822142346,3436462433,1546637391
dimwishlist:item=4255586669&perks=981914802,2822142346,3436462433,1546637391
dimwishlist:item=4255586669&perks=3798852852,2822142346,3436462433,1546637391
dimwishlist:item=4255586669&perks=3525010810,409831596,3436462433,1546637391
dimwishlist:item=4255586669&perks=1441682018,409831596,3436462433,1546637391
dimwishlist:item=4255586669&perks=981914802,409831596,3436462433,1546637391
dimwishlist:item=4255586669&perks=3798852852,409831596,3436462433,1546637391
dimwishlist:item=4255586669&perks=3525010810,3032599245,2010801679,1683379515
dimwishlist:item=4255586669&perks=1441682018,3032599245,2010801679,1683379515
dimwishlist:item=4255586669&perks=981914802,3032599245,2010801679,1683379515
dimwishlist:item=4255586669&perks=3798852852,3032599245,2010801679,1683379515
dimwishlist:item=4255586669&perks=3525010810,3301904089,2010801679,1683379515
dimwishlist:item=4255586669&perks=1441682018,3301904089,2010801679,1683379515
dimwishlist:item=4255586669&perks=981914802,3301904089,2010801679,1683379515
dimwishlist:item=4255586669&perks=3798852852,3301904089,2010801679,1683379515
dimwishlist:item=4255586669&perks=3525010810,2822142346,2010801679,1683379515
dimwishlist:item=4255586669&perks=1441682018,2822142346,2010801679,1683379515
dimwishlist:item=4255586669&perks=981914802,2822142346,2010801679,1683379515
dimwishlist:item=4255586669&perks=3798852852,2822142346,2010801679,1683379515
dimwishlist:item=4255586669&perks=3525010810,409831596,2010801679,1683379515
dimwishlist:item=4255586669&perks=1441682018,409831596,2010801679,1683379515
dimwishlist:item=4255586669&perks=981914802,409831596,2010801679,1683379515
dimwishlist:item=4255586669&perks=3798852852,409831596,2010801679,1683379515
dimwishlist:item=4255586669&perks=3525010810,3032599245,3300816228,1683379515
dimwishlist:item=4255586669&perks=1441682018,3032599245,3300816228,1683379515
dimwishlist:item=4255586669&perks=981914802,3032599245,3300816228,1683379515
dimwishlist:item=4255586669&perks=3798852852,3032599245,3300816228,1683379515
dimwishlist:item=4255586669&perks=3525010810,3301904089,3300816228,1683379515
dimwishlist:item=4255586669&perks=1441682018,3301904089,3300816228,1683379515
dimwishlist:item=4255586669&perks=981914802,3301904089,3300816228,1683379515
dimwishlist:item=4255586669&perks=3798852852,3301904089,3300816228,1683379515
dimwishlist:item=4255586669&perks=3525010810,2822142346,3300816228,1683379515
dimwishlist:item=4255586669&perks=1441682018,2822142346,3300816228,1683379515
dimwishlist:item=4255586669&perks=981914802,2822142346,3300816228,1683379515
dimwishlist:item=4255586669&perks=3798852852,2822142346,3300816228,1683379515
dimwishlist:item=4255586669&perks=3525010810,409831596,3300816228,1683379515
dimwishlist:item=4255586669&perks=1441682018,409831596,3300816228,1683379515
dimwishlist:item=4255586669&perks=981914802,409831596,3300816228,1683379515
dimwishlist:item=4255586669&perks=3798852852,409831596,3300816228,1683379515
dimwishlist:item=4255586669&perks=3525010810,3032599245,3096702027,1683379515
dimwishlist:item=4255586669&perks=1441682018,3032599245,3096702027,1683379515
dimwishlist:item=4255586669&perks=981914802,3032599245,3096702027,1683379515
dimwishlist:item=4255586669&perks=3798852852,3032599245,3096702027,1683379515
dimwishlist:item=4255586669&perks=3525010810,3301904089,3096702027,1683379515
dimwishlist:item=4255586669&perks=1441682018,3301904089,3096702027,1683379515
dimwishlist:item=4255586669&perks=981914802,3301904089,3096702027,1683379515
dimwishlist:item=4255586669&perks=3798852852,3301904089,3096702027,1683379515
dimwishlist:item=4255586669&perks=3525010810,2822142346,3096702027,1683379515
dimwishlist:item=4255586669&perks=1441682018,2822142346,3096702027,1683379515
dimwishlist:item=4255586669&perks=981914802,2822142346,3096702027,1683379515
dimwishlist:item=4255586669&perks=3798852852,2822142346,3096702027,1683379515
dimwishlist:item=4255586669&perks=3525010810,409831596,3096702027,1683379515
dimwishlist:item=4255586669&perks=1441682018,409831596,3096702027,1683379515
dimwishlist:item=4255586669&perks=981914802,409831596,3096702027,1683379515
dimwishlist:item=4255586669&perks=3798852852,409831596,3096702027,1683379515
dimwishlist:item=4255586669&perks=3525010810,3032599245,2869569095,1683379515
dimwishlist:item=4255586669&perks=1441682018,3032599245,2869569095,1683379515
dimwishlist:item=4255586669&perks=981914802,3032599245,2869569095,1683379515
dimwishlist:item=4255586669&perks=3798852852,3032599245,2869569095,1683379515
dimwishlist:item=4255586669&perks=3525010810,3301904089,2869569095,1683379515
dimwishlist:item=4255586669&perks=1441682018,3301904089,2869569095,1683379515
dimwishlist:item=4255586669&perks=981914802,3301904089,2869569095,1683379515
dimwishlist:item=4255586669&perks=3798852852,3301904089,2869569095,1683379515
dimwishlist:item=4255586669&perks=3525010810,2822142346,2869569095,1683379515
dimwishlist:item=4255586669&perks=1441682018,2822142346,2869569095,1683379515
dimwishlist:item=4255586669&perks=981914802,2822142346,2869569095,1683379515
dimwishlist:item=4255586669&perks=3798852852,2822142346,2869569095,1683379515
dimwishlist:item=4255586669&perks=3525010810,409831596,2869569095,1683379515
dimwishlist:item=4255586669&perks=1441682018,409831596,2869569095,1683379515
dimwishlist:item=4255586669&perks=981914802,409831596,2869569095,1683379515
dimwishlist:item=4255586669&perks=3798852852,409831596,2869569095,1683379515
dimwishlist:item=4255586669&perks=3525010810,3032599245,3436462433,1683379515
dimwishlist:item=4255586669&perks=1441682018,3032599245,3436462433,1683379515
dimwishlist:item=4255586669&perks=981914802,3032599245,3436462433,1683379515
dimwishlist:item=4255586669&perks=3798852852,3032599245,3436462433,1683379515
dimwishlist:item=4255586669&perks=3525010810,3301904089,3436462433,1683379515
dimwishlist:item=4255586669&perks=1441682018,3301904089,3436462433,1683379515
dimwishlist:item=4255586669&perks=981914802,3301904089,3436462433,1683379515
dimwishlist:item=4255586669&perks=3798852852,3301904089,3436462433,1683379515
dimwishlist:item=4255586669&perks=3525010810,2822142346,3436462433,1683379515
dimwishlist:item=4255586669&perks=1441682018,2822142346,3436462433,1683379515
dimwishlist:item=4255586669&perks=981914802,2822142346,3436462433,1683379515
dimwishlist:item=4255586669&perks=3798852852,2822142346,3436462433,1683379515
dimwishlist:item=4255586669&perks=3525010810,409831596,3436462433,1683379515
dimwishlist:item=4255586669&perks=1441682018,409831596,3436462433,1683379515
dimwishlist:item=4255586669&perks=981914802,409831596,3436462433,1683379515
dimwishlist:item=4255586669&perks=3798852852,409831596,3436462433,1683379515
dimwishlist:item=4255586669&perks=3525010810,3032599245,2010801679,4049631843
dimwishlist:item=4255586669&perks=1441682018,3032599245,2010801679,4049631843
dimwishlist:item=4255586669&perks=981914802,3032599245,2010801679,4049631843
dimwishlist:item=4255586669&perks=3798852852,3032599245,2010801679,4049631843
dimwishlist:item=4255586669&perks=3525010810,3301904089,2010801679,4049631843
dimwishlist:item=4255586669&perks=1441682018,3301904089,2010801679,4049631843
dimwishlist:item=4255586669&perks=981914802,3301904089,2010801679,4049631843
dimwishlist:item=4255586669&perks=3798852852,3301904089,2010801679,4049631843
dimwishlist:item=4255586669&perks=3525010810,2822142346,2010801679,4049631843
dimwishlist:item=4255586669&perks=1441682018,2822142346,2010801679,4049631843
dimwishlist:item=4255586669&perks=981914802,2822142346,2010801679,4049631843
dimwishlist:item=4255586669&perks=3798852852,2822142346,2010801679,4049631843
dimwishlist:item=4255586669&perks=3525010810,409831596,2010801679,4049631843
dimwishlist:item=4255586669&perks=1441682018,409831596,2010801679,4049631843
dimwishlist:item=4255586669&perks=981914802,409831596,2010801679,4049631843
dimwishlist:item=4255586669&perks=3798852852,409831596,2010801679,4049631843
dimwishlist:item=4255586669&perks=3525010810,3032599245,3300816228,4049631843
dimwishlist:item=4255586669&perks=1441682018,3032599245,3300816228,4049631843
dimwishlist:item=4255586669&perks=981914802,3032599245,3300816228,4049631843
dimwishlist:item=4255586669&perks=3798852852,3032599245,3300816228,4049631843
dimwishlist:item=4255586669&perks=3525010810,3301904089,3300816228,4049631843
dimwishlist:item=4255586669&perks=1441682018,3301904089,3300816228,4049631843
dimwishlist:item=4255586669&perks=981914802,3301904089,3300816228,4049631843
dimwishlist:item=4255586669&perks=3798852852,3301904089,3300816228,4049631843
dimwishlist:item=4255586669&perks=3525010810,2822142346,3300816228,4049631843
dimwishlist:item=4255586669&perks=1441682018,2822142346,3300816228,4049631843
dimwishlist:item=4255586669&perks=981914802,2822142346,3300816228,4049631843
dimwishlist:item=4255586669&perks=3798852852,2822142346,3300816228,4049631843
dimwishlist:item=4255586669&perks=3525010810,409831596,3300816228,4049631843
dimwishlist:item=4255586669&perks=1441682018,409831596,3300816228,4049631843
dimwishlist:item=4255586669&perks=981914802,409831596,3300816228,4049631843
dimwishlist:item=4255586669&perks=3798852852,409831596,3300816228,4049631843
dimwishlist:item=4255586669&perks=3525010810,3032599245,3096702027,4049631843
dimwishlist:item=4255586669&perks=1441682018,3032599245,3096702027,4049631843
dimwishlist:item=4255586669&perks=981914802,3032599245,3096702027,4049631843
dimwishlist:item=4255586669&perks=3798852852,3032599245,3096702027,4049631843
dimwishlist:item=4255586669&perks=3525010810,3301904089,3096702027,4049631843
dimwishlist:item=4255586669&perks=1441682018,3301904089,3096702027,4049631843
dimwishlist:item=4255586669&perks=981914802,3301904089,3096702027,4049631843
dimwishlist:item=4255586669&perks=3798852852,3301904089,3096702027,4049631843
dimwishlist:item=4255586669&perks=3525010810,2822142346,3096702027,4049631843
dimwishlist:item=4255586669&perks=1441682018,2822142346,3096702027,4049631843
dimwishlist:item=4255586669&perks=981914802,2822142346,3096702027,4049631843
dimwishlist:item=4255586669&perks=3798852852,2822142346,3096702027,4049631843
dimwishlist:item=4255586669&perks=3525010810,409831596,3096702027,4049631843
dimwishlist:item=4255586669&perks=1441682018,409831596,3096702027,4049631843
dimwishlist:item=4255586669&perks=981914802,409831596,3096702027,4049631843
dimwishlist:item=4255586669&perks=3798852852,409831596,3096702027,4049631843
dimwishlist:item=4255586669&perks=3525010810,3032599245,2869569095,4049631843
dimwishlist:item=4255586669&perks=1441682018,3032599245,2869569095,4049631843
dimwishlist:item=4255586669&perks=981914802,3032599245,2869569095,4049631843
dimwishlist:item=4255586669&perks=3798852852,3032599245,2869569095,4049631843
dimwishlist:item=4255586669&perks=3525010810,3301904089,2869569095,4049631843
dimwishlist:item=4255586669&perks=1441682018,3301904089,2869569095,4049631843
dimwishlist:item=4255586669&perks=981914802,3301904089,2869569095,4049631843
dimwishlist:item=4255586669&perks=3798852852,3301904089,2869569095,4049631843
dimwishlist:item=4255586669&perks=3525010810,2822142346,2869569095,4049631843
dimwishlist:item=4255586669&perks=1441682018,2822142346,2869569095,4049631843
dimwishlist:item=4255586669&perks=981914802,2822142346,2869569095,4049631843
dimwishlist:item=4255586669&perks=3798852852,2822142346,2869569095,4049631843
dimwishlist:item=4255586669&perks=3525010810,409831596,2869569095,4049631843
dimwishlist:item=4255586669&perks=1441682018,409831596,2869569095,4049631843
dimwishlist:item=4255586669&perks=981914802,409831596,2869569095,4049631843
dimwishlist:item=4255586669&perks=3798852852,409831596,2869569095,4049631843
dimwishlist:item=4255586669&perks=3525010810,3032599245,3436462433,4049631843
dimwishlist:item=4255586669&perks=1441682018,3032599245,3436462433,4049631843
dimwishlist:item=4255586669&perks=981914802,3032599245,3436462433,4049631843
dimwishlist:item=4255586669&perks=3798852852,3032599245,3436462433,4049631843
dimwishlist:item=4255586669&perks=3525010810,3301904089,3436462433,4049631843
dimwishlist:item=4255586669&perks=1441682018,3301904089,3436462433,4049631843
dimwishlist:item=4255586669&perks=981914802,3301904089,3436462433,4049631843
dimwishlist:item=4255586669&perks=3798852852,3301904089,3436462433,4049631843
dimwishlist:item=4255586669&perks=3525010810,2822142346,3436462433,4049631843
dimwishlist:item=4255586669&perks=1441682018,2822142346,3436462433,4049631843
dimwishlist:item=4255586669&perks=981914802,2822142346,3436462433,4049631843
dimwishlist:item=4255586669&perks=3798852852,2822142346,3436462433,4049631843
dimwishlist:item=4255586669&perks=3525010810,409831596,3436462433,4049631843
dimwishlist:item=4255586669&perks=1441682018,409831596,3436462433,4049631843
dimwishlist:item=4255586669&perks=981914802,409831596,3436462433,4049631843
dimwishlist:item=4255586669&perks=3798852852,409831596,3436462433,4049631843


title: Vault of Glass

// Corrective Measure
dimwishlist:item=471518543&perks=1482024992,3142289711,3418782618,3824105627
dimwishlist:item=471518543&perks=1840239774,3142289711,3418782618,3824105627
dimwishlist:item=471518543&perks=4090651448,3142289711,3418782618,3824105627
dimwishlist:item=471518543&perks=1482024992,106909392,3418782618,3824105627
dimwishlist:item=471518543&perks=1840239774,106909392,3418782618,3824105627
dimwishlist:item=471518543&perks=4090651448,106909392,3418782618,3824105627
dimwishlist:item=471518543&perks=1482024992,3230963543,3418782618,3824105627
dimwishlist:item=471518543&perks=1840239774,3230963543,3418782618,3824105627
dimwishlist:item=471518543&perks=4090651448,3230963543,3418782618,3824105627
dimwishlist:item=471518543&perks=1482024992,3142289711,1820235745,3824105627
dimwishlist:item=471518543&perks=1840239774,3142289711,1820235745,3824105627
dimwishlist:item=471518543&perks=4090651448,3142289711,1820235745,3824105627
dimwishlist:item=471518543&perks=1482024992,106909392,1820235745,3824105627
dimwishlist:item=471518543&perks=1840239774,106909392,1820235745,3824105627
dimwishlist:item=471518543&perks=4090651448,106909392,1820235745,3824105627
dimwishlist:item=471518543&perks=1482024992,3230963543,1820235745,3824105627
dimwishlist:item=471518543&perks=1840239774,3230963543,1820235745,3824105627
dimwishlist:item=471518543&perks=4090651448,3230963543,1820235745,3824105627
dimwishlist:item=471518543&perks=1482024992,3142289711,3436462433,3824105627
dimwishlist:item=471518543&perks=1840239774,3142289711,3436462433,3824105627
dimwishlist:item=471518543&perks=4090651448,3142289711,3436462433,3824105627
dimwishlist:item=471518543&perks=1482024992,106909392,3436462433,3824105627
dimwishlist:item=471518543&perks=1840239774,106909392,3436462433,3824105627
dimwishlist:item=471518543&perks=4090651448,106909392,3436462433,3824105627
dimwishlist:item=471518543&perks=1482024992,3230963543,3436462433,3824105627
dimwishlist:item=471518543&perks=1840239774,3230963543,3436462433,3824105627
dimwishlist:item=471518543&perks=4090651448,3230963543,3436462433,3824105627
dimwishlist:item=471518543&perks=1482024992,3142289711,3418782618,2213355989
dimwishlist:item=471518543&perks=1840239774,3142289711,3418782618,2213355989
dimwishlist:item=471518543&perks=4090651448,3142289711,3418782618,2213355989
dimwishlist:item=471518543&perks=1482024992,106909392,3418782618,2213355989
dimwishlist:item=471518543&perks=1840239774,106909392,3418782618,2213355989
dimwishlist:item=471518543&perks=4090651448,106909392,3418782618,2213355989
dimwishlist:item=471518543&perks=1482024992,3230963543,3418782618,2213355989
dimwishlist:item=471518543&perks=1840239774,3230963543,3418782618,2213355989
dimwishlist:item=471518543&perks=4090651448,3230963543,3418782618,2213355989
dimwishlist:item=471518543&perks=1482024992,3142289711,1820235745,2213355989
dimwishlist:item=471518543&perks=1840239774,3142289711,1820235745,2213355989
dimwishlist:item=471518543&perks=4090651448,3142289711,1820235745,2213355989
dimwishlist:item=471518543&perks=1482024992,106909392,1820235745,2213355989
dimwishlist:item=471518543&perks=1840239774,106909392,1820235745,2213355989
dimwishlist:item=471518543&perks=4090651448,106909392,1820235745,2213355989
dimwishlist:item=471518543&perks=1482024992,3230963543,1820235745,2213355989
dimwishlist:item=471518543&perks=1840239774,3230963543,1820235745,2213355989
dimwishlist:item=471518543&perks=4090651448,3230963543,1820235745,2213355989
dimwishlist:item=471518543&perks=1482024992,3142289711,3436462433,2213355989
dimwishlist:item=471518543&perks=1840239774,3142289711,3436462433,2213355989
dimwishlist:item=471518543&perks=4090651448,3142289711,3436462433,2213355989
dimwishlist:item=471518543&perks=1482024992,106909392,3436462433,2213355989
dimwishlist:item=471518543&perks=1840239774,106909392,3436462433,2213355989
dimwishlist:item=471518543&perks=4090651448,106909392,3436462433,2213355989
dimwishlist:item=471518543&perks=1482024992,3230963543,3436462433,2213355989
dimwishlist:item=471518543&perks=1840239774,3230963543,3436462433,2213355989
dimwishlist:item=471518543&perks=4090651448,3230963543,3436462433,2213355989
dimwishlist:item=471518543&perks=1482024992,3142289711,3418782618,4049631843
dimwishlist:item=471518543&perks=1840239774,3142289711,3418782618,4049631843
dimwishlist:item=471518543&perks=4090651448,3142289711,3418782618,4049631843
dimwishlist:item=471518543&perks=1482024992,106909392,3418782618,4049631843
dimwishlist:item=471518543&perks=1840239774,106909392,3418782618,4049631843
dimwishlist:item=471518543&perks=4090651448,106909392,3418782618,4049631843
dimwishlist:item=471518543&perks=1482024992,3230963543,3418782618,4049631843
dimwishlist:item=471518543&perks=1840239774,3230963543,3418782618,4049631843
dimwishlist:item=471518543&perks=4090651448,3230963543,3418782618,4049631843
dimwishlist:item=471518543&perks=1482024992,3142289711,1820235745,4049631843
dimwishlist:item=471518543&perks=1840239774,3142289711,1820235745,4049631843
dimwishlist:item=471518543&perks=4090651448,3142289711,1820235745,4049631843
dimwishlist:item=471518543&perks=1482024992,106909392,1820235745,4049631843
dimwishlist:item=471518543&perks=1840239774,106909392,1820235745,4049631843
dimwishlist:item=471518543&perks=4090651448,106909392,1820235745,4049631843
dimwishlist:item=471518543&perks=1482024992,3230963543,1820235745,4049631843
dimwishlist:item=471518543&perks=1840239774,3230963543,1820235745,4049631843
dimwishlist:item=471518543&perks=4090651448,3230963543,1820235745,4049631843
dimwishlist:item=471518543&perks=1482024992,3142289711,3436462433,4049631843
dimwishlist:item=471518543&perks=1840239774,3142289711,3436462433,4049631843
dimwishlist:item=471518543&perks=4090651448,3142289711,3436462433,4049631843
dimwishlist:item=471518543&perks=1482024992,106909392,3436462433,4049631843
dimwishlist:item=471518543&perks=1840239774,106909392,3436462433,4049631843
dimwishlist:item=471518543&perks=4090651448,106909392,3436462433,4049631843
dimwishlist:item=471518543&perks=1482024992,3230963543,3436462433,4049631843
dimwishlist:item=471518543&perks=1840239774,3230963543,3436462433,4049631843
dimwishlist:item=471518543&perks=4090651448,3230963543,3436462433,4049631843

// Corrective Measure (Timelost)
dimwishlist:item=3796510434&perks=1482024992,3142289711,3418782618,3824105627
dimwishlist:item=3796510434&perks=1840239774,3142289711,3418782618,3824105627
dimwishlist:item=3796510434&perks=4090651448,3142289711,3418782618,3824105627
dimwishlist:item=3796510434&perks=1482024992,106909392,3418782618,3824105627
dimwishlist:item=3796510434&perks=1840239774,106909392,3418782618,3824105627
dimwishlist:item=3796510434&perks=4090651448,106909392,3418782618,3824105627
dimwishlist:item=3796510434&perks=1482024992,3230963543,3418782618,3824105627
dimwishlist:item=3796510434&perks=1840239774,3230963543,3418782618,3824105627
dimwishlist:item=3796510434&perks=4090651448,3230963543,3418782618,3824105627
dimwishlist:item=3796510434&perks=1482024992,3142289711,1820235745,3824105627
dimwishlist:item=3796510434&perks=1840239774,3142289711,1820235745,3824105627
dimwishlist:item=3796510434&perks=4090651448,3142289711,1820235745,3824105627
dimwishlist:item=3796510434&perks=1482024992,106909392,1820235745,3824105627
dimwishlist:item=3796510434&perks=1840239774,106909392,1820235745,3824105627
dimwishlist:item=3796510434&perks=4090651448,106909392,1820235745,3824105627
dimwishlist:item=3796510434&perks=1482024992,3230963543,1820235745,3824105627
dimwishlist:item=3796510434&perks=1840239774,3230963543,1820235745,3824105627
dimwishlist:item=3796510434&perks=4090651448,3230963543,1820235745,3824105627
dimwishlist:item=3796510434&perks=1482024992,3142289711,3436462433,3824105627
dimwishlist:item=3796510434&perks=1840239774,3142289711,3436462433,3824105627
dimwishlist:item=3796510434&perks=4090651448,3142289711,3436462433,3824105627
dimwishlist:item=3796510434&perks=1482024992,106909392,3436462433,3824105627
dimwishlist:item=3796510434&perks=1840239774,106909392,3436462433,3824105627
dimwishlist:item=3796510434&perks=4090651448,106909392,3436462433,3824105627
dimwishlist:item=3796510434&perks=1482024992,3230963543,3436462433,3824105627
dimwishlist:item=3796510434&perks=1840239774,3230963543,3436462433,3824105627
dimwishlist:item=3796510434&perks=4090651448,3230963543,3436462433,3824105627
dimwishlist:item=3796510434&perks=1482024992,3142289711,3418782618,2213355989
dimwishlist:item=3796510434&perks=1840239774,3142289711,3418782618,2213355989
dimwishlist:item=3796510434&perks=4090651448,3142289711,3418782618,2213355989
dimwishlist:item=3796510434&perks=1482024992,106909392,3418782618,2213355989
dimwishlist:item=3796510434&perks=1840239774,106909392,3418782618,2213355989
dimwishlist:item=3796510434&perks=4090651448,106909392,3418782618,2213355989
dimwishlist:item=3796510434&perks=1482024992,3230963543,3418782618,2213355989
dimwishlist:item=3796510434&perks=1840239774,3230963543,3418782618,2213355989
dimwishlist:item=3796510434&perks=4090651448,3230963543,3418782618,2213355989
dimwishlist:item=3796510434&perks=1482024992,3142289711,1820235745,2213355989
dimwishlist:item=3796510434&perks=1840239774,3142289711,1820235745,2213355989
dimwishlist:item=3796510434&perks=4090651448,3142289711,1820235745,2213355989
dimwishlist:item=3796510434&perks=1482024992,106909392,1820235745,2213355989
dimwishlist:item=3796510434&perks=1840239774,106909392,1820235745,2213355989
dimwishlist:item=3796510434&perks=4090651448,106909392,1820235745,2213355989
dimwishlist:item=3796510434&perks=1482024992,3230963543,1820235745,2213355989
dimwishlist:item=3796510434&perks=1840239774,3230963543,1820235745,2213355989
dimwishlist:item=3796510434&perks=4090651448,3230963543,1820235745,2213355989
dimwishlist:item=3796510434&perks=1482024992,3142289711,3436462433,2213355989
dimwishlist:item=3796510434&perks=1840239774,3142289711,3436462433,2213355989
dimwishlist:item=3796510434&perks=4090651448,3142289711,3436462433,2213355989
dimwishlist:item=3796510434&perks=1482024992,106909392,3436462433,2213355989
dimwishlist:item=3796510434&perks=1840239774,106909392,3436462433,2213355989
dimwishlist:item=3796510434&perks=4090651448,106909392,3436462433,2213355989
dimwishlist:item=3796510434&perks=1482024992,3230963543,3436462433,2213355989
dimwishlist:item=3796510434&perks=1840239774,3230963543,3436462433,2213355989
dimwishlist:item=3796510434&perks=4090651448,3230963543,3436462433,2213355989
dimwishlist:item=3796510434&perks=1482024992,3142289711,3418782618,4049631843
dimwishlist:item=3796510434&perks=1840239774,3142289711,3418782618,4049631843
dimwishlist:item=3796510434&perks=4090651448,3142289711,3418782618,4049631843
dimwishlist:item=3796510434&perks=1482024992,106909392,3418782618,4049631843
dimwishlist:item=3796510434&perks=1840239774,106909392,3418782618,4049631843
dimwishlist:item=3796510434&perks=4090651448,106909392,3418782618,4049631843
dimwishlist:item=3796510434&perks=1482024992,3230963543,3418782618,4049631843
dimwishlist:item=3796510434&perks=1840239774,3230963543,3418782618,4049631843
dimwishlist:item=3796510434&perks=4090651448,3230963543,3418782618,4049631843
dimwishlist:item=3796510434&perks=1482024992,3142289711,1820235745,4049631843
dimwishlist:item=3796510434&perks=1840239774,3142289711,1820235745,4049631843
dimwishlist:item=3796510434&perks=4090651448,3142289711,1820235745,4049631843
dimwishlist:item=3796510434&perks=1482024992,106909392,1820235745,4049631843
dimwishlist:item=3796510434&perks=1840239774,106909392,1820235745,4049631843
dimwishlist:item=3796510434&perks=4090651448,106909392,1820235745,4049631843
dimwishlist:item=3796510434&perks=1482024992,3230963543,1820235745,4049631843
dimwishlist:item=3796510434&perks=1840239774,3230963543,1820235745,4049631843
dimwishlist:item=3796510434&perks=4090651448,3230963543,1820235745,4049631843
dimwishlist:item=3796510434&perks=1482024992,3142289711,3436462433,4049631843
dimwishlist:item=3796510434&perks=1840239774,3142289711,3436462433,4049631843
dimwishlist:item=3796510434&perks=4090651448,3142289711,3436462433,4049631843
dimwishlist:item=3796510434&perks=1482024992,106909392,3436462433,4049631843
dimwishlist:item=3796510434&perks=1840239774,106909392,3436462433,4049631843
dimwishlist:item=3796510434&perks=4090651448,106909392,3436462433,4049631843
dimwishlist:item=3796510434&perks=1482024992,3230963543,3436462433,4049631843
dimwishlist:item=3796510434&perks=1840239774,3230963543,3436462433,4049631843
dimwishlist:item=3796510434&perks=4090651448,3230963543,3436462433,4049631843


// Vision of Confluence
dimwishlist:item=3186018373&perks=4090651448,1885400500,3418782618,3824105627
dimwishlist:item=3186018373&perks=1482024992,1885400500,3418782618,3824105627
dimwishlist:item=3186018373&perks=3250034553,1885400500,3418782618,3824105627
dimwishlist:item=3186018373&perks=1392496348,1885400500,3418782618,3824105627
dimwishlist:item=3186018373&perks=4090651448,679225683,3418782618,3824105627
dimwishlist:item=3186018373&perks=1482024992,679225683,3418782618,3824105627
dimwishlist:item=3186018373&perks=3250034553,679225683,3418782618,3824105627
dimwishlist:item=3186018373&perks=1392496348,679225683,3418782618,3824105627
dimwishlist:item=3186018373&perks=4090651448,1968497646,3418782618,3824105627
dimwishlist:item=3186018373&perks=1482024992,1968497646,3418782618,3824105627
dimwishlist:item=3186018373&perks=3250034553,1968497646,3418782618,3824105627
dimwishlist:item=3186018373&perks=1392496348,1968497646,3418782618,3824105627
dimwishlist:item=3186018373&perks=4090651448,1561002382,3418782618,3824105627
dimwishlist:item=3186018373&perks=1482024992,1561002382,3418782618,3824105627
dimwishlist:item=3186018373&perks=3250034553,1561002382,3418782618,3824105627
dimwishlist:item=3186018373&perks=1392496348,1561002382,3418782618,3824105627
dimwishlist:item=3186018373&perks=4090651448,3230963543,3418782618,3824105627
dimwishlist:item=3186018373&perks=1482024992,3230963543,3418782618,3824105627
dimwishlist:item=3186018373&perks=3250034553,3230963543,3418782618,3824105627
dimwishlist:item=3186018373&perks=1392496348,3230963543,3418782618,3824105627
dimwishlist:item=3186018373&perks=4090651448,1885400500,3436462433,3824105627
dimwishlist:item=3186018373&perks=1482024992,1885400500,3436462433,3824105627
dimwishlist:item=3186018373&perks=3250034553,1885400500,3436462433,3824105627
dimwishlist:item=3186018373&perks=1392496348,1885400500,3436462433,3824105627
dimwishlist:item=3186018373&perks=4090651448,679225683,3436462433,3824105627
dimwishlist:item=3186018373&perks=1482024992,679225683,3436462433,3824105627
dimwishlist:item=3186018373&perks=3250034553,679225683,3436462433,3824105627
dimwishlist:item=3186018373&perks=1392496348,679225683,3436462433,3824105627
dimwishlist:item=3186018373&perks=4090651448,1968497646,3436462433,3824105627
dimwishlist:item=3186018373&perks=1482024992,1968497646,3436462433,3824105627
dimwishlist:item=3186018373&perks=3250034553,1968497646,3436462433,3824105627
dimwishlist:item=3186018373&perks=1392496348,1968497646,3436462433,3824105627
dimwishlist:item=3186018373&perks=4090651448,1561002382,3436462433,3824105627
dimwishlist:item=3186018373&perks=1482024992,1561002382,3436462433,3824105627
dimwishlist:item=3186018373&perks=3250034553,1561002382,3436462433,3824105627
dimwishlist:item=3186018373&perks=1392496348,1561002382,3436462433,3824105627
dimwishlist:item=3186018373&perks=4090651448,3230963543,3436462433,3824105627
dimwishlist:item=3186018373&perks=1482024992,3230963543,3436462433,3824105627
dimwishlist:item=3186018373&perks=3250034553,3230963543,3436462433,3824105627
dimwishlist:item=3186018373&perks=1392496348,3230963543,3436462433,3824105627
dimwishlist:item=3186018373&perks=4090651448,1885400500,2450788523,3824105627
dimwishlist:item=3186018373&perks=1482024992,1885400500,2450788523,3824105627
dimwishlist:item=3186018373&perks=3250034553,1885400500,2450788523,3824105627
dimwishlist:item=3186018373&perks=1392496348,1885400500,2450788523,3824105627
dimwishlist:item=3186018373&perks=4090651448,679225683,2450788523,3824105627
dimwishlist:item=3186018373&perks=1482024992,679225683,2450788523,3824105627
dimwishlist:item=3186018373&perks=3250034553,679225683,2450788523,3824105627
dimwishlist:item=3186018373&perks=1392496348,679225683,2450788523,3824105627
dimwishlist:item=3186018373&perks=4090651448,1968497646,2450788523,3824105627
dimwishlist:item=3186018373&perks=1482024992,1968497646,2450788523,3824105627
dimwishlist:item=3186018373&perks=3250034553,1968497646,2450788523,3824105627
dimwishlist:item=3186018373&perks=1392496348,1968497646,2450788523,3824105627
dimwishlist:item=3186018373&perks=4090651448,1561002382,2450788523,3824105627
dimwishlist:item=3186018373&perks=1482024992,1561002382,2450788523,3824105627
dimwishlist:item=3186018373&perks=3250034553,1561002382,2450788523,3824105627
dimwishlist:item=3186018373&perks=1392496348,1561002382,2450788523,3824105627
dimwishlist:item=3186018373&perks=4090651448,3230963543,2450788523,3824105627
dimwishlist:item=3186018373&perks=1482024992,3230963543,2450788523,3824105627
dimwishlist:item=3186018373&perks=3250034553,3230963543,2450788523,3824105627
dimwishlist:item=3186018373&perks=1392496348,3230963543,2450788523,3824105627
dimwishlist:item=3186018373&perks=4090651448,1885400500,3418782618,1683379515
dimwishlist:item=3186018373&perks=1482024992,1885400500,3418782618,1683379515
dimwishlist:item=3186018373&perks=3250034553,1885400500,3418782618,1683379515
dimwishlist:item=3186018373&perks=1392496348,1885400500,3418782618,1683379515
dimwishlist:item=3186018373&perks=4090651448,679225683,3418782618,1683379515
dimwishlist:item=3186018373&perks=1482024992,679225683,3418782618,1683379515
dimwishlist:item=3186018373&perks=3250034553,679225683,3418782618,1683379515
dimwishlist:item=3186018373&perks=1392496348,679225683,3418782618,1683379515
dimwishlist:item=3186018373&perks=4090651448,1968497646,3418782618,1683379515
dimwishlist:item=3186018373&perks=1482024992,1968497646,3418782618,1683379515
dimwishlist:item=3186018373&perks=3250034553,1968497646,3418782618,1683379515
dimwishlist:item=3186018373&perks=1392496348,1968497646,3418782618,1683379515
dimwishlist:item=3186018373&perks=4090651448,1561002382,3418782618,1683379515
dimwishlist:item=3186018373&perks=1482024992,1561002382,3418782618,1683379515
dimwishlist:item=3186018373&perks=3250034553,1561002382,3418782618,1683379515
dimwishlist:item=3186018373&perks=1392496348,1561002382,3418782618,1683379515
dimwishlist:item=3186018373&perks=4090651448,3230963543,3418782618,1683379515
dimwishlist:item=3186018373&perks=1482024992,3230963543,3418782618,1683379515
dimwishlist:item=3186018373&perks=3250034553,3230963543,3418782618,1683379515
dimwishlist:item=3186018373&perks=1392496348,3230963543,3418782618,1683379515
dimwishlist:item=3186018373&perks=4090651448,1885400500,3436462433,1683379515
dimwishlist:item=3186018373&perks=1482024992,1885400500,3436462433,1683379515
dimwishlist:item=3186018373&perks=3250034553,1885400500,3436462433,1683379515
dimwishlist:item=3186018373&perks=1392496348,1885400500,3436462433,1683379515
dimwishlist:item=3186018373&perks=4090651448,679225683,3436462433,1683379515
dimwishlist:item=3186018373&perks=1482024992,679225683,3436462433,1683379515
dimwishlist:item=3186018373&perks=3250034553,679225683,3436462433,1683379515
dimwishlist:item=3186018373&perks=1392496348,679225683,3436462433,1683379515
dimwishlist:item=3186018373&perks=4090651448,1968497646,3436462433,1683379515
dimwishlist:item=3186018373&perks=1482024992,1968497646,3436462433,1683379515
dimwishlist:item=3186018373&perks=3250034553,1968497646,3436462433,1683379515
dimwishlist:item=3186018373&perks=1392496348,1968497646,3436462433,1683379515
dimwishlist:item=3186018373&perks=4090651448,1561002382,3436462433,1683379515
dimwishlist:item=3186018373&perks=1482024992,1561002382,3436462433,1683379515
dimwishlist:item=3186018373&perks=3250034553,1561002382,3436462433,1683379515
dimwishlist:item=3186018373&perks=1392496348,1561002382,3436462433,1683379515
dimwishlist:item=3186018373&perks=4090651448,3230963543,3436462433,1683379515
dimwishlist:item=3186018373&perks=1482024992,3230963543,3436462433,1683379515
dimwishlist:item=3186018373&perks=3250034553,3230963543,3436462433,1683379515
dimwishlist:item=3186018373&perks=1392496348,3230963543,3436462433,1683379515
dimwishlist:item=3186018373&perks=4090651448,1885400500,2450788523,1683379515
dimwishlist:item=3186018373&perks=1482024992,1885400500,2450788523,1683379515
dimwishlist:item=3186018373&perks=3250034553,1885400500,2450788523,1683379515
dimwishlist:item=3186018373&perks=1392496348,1885400500,2450788523,1683379515
dimwishlist:item=3186018373&perks=4090651448,679225683,2450788523,1683379515
dimwishlist:item=3186018373&perks=1482024992,679225683,2450788523,1683379515
dimwishlist:item=3186018373&perks=3250034553,679225683,2450788523,1683379515
dimwishlist:item=3186018373&perks=1392496348,679225683,2450788523,1683379515
dimwishlist:item=3186018373&perks=4090651448,1968497646,2450788523,1683379515
dimwishlist:item=3186018373&perks=1482024992,1968497646,2450788523,1683379515
dimwishlist:item=3186018373&perks=3250034553,1968497646,2450788523,1683379515
dimwishlist:item=3186018373&perks=1392496348,1968497646,2450788523,1683379515
dimwishlist:item=3186018373&perks=4090651448,1561002382,2450788523,1683379515
dimwishlist:item=3186018373&perks=1482024992,1561002382,2450788523,1683379515
dimwishlist:item=3186018373&perks=3250034553,1561002382,2450788523,1683379515
dimwishlist:item=3186018373&perks=1392496348,1561002382,2450788523,1683379515
dimwishlist:item=3186018373&perks=4090651448,3230963543,2450788523,1683379515
dimwishlist:item=3186018373&perks=1482024992,3230963543,2450788523,1683379515
dimwishlist:item=3186018373&perks=3250034553,3230963543,2450788523,1683379515
dimwishlist:item=3186018373&perks=1392496348,3230963543,2450788523,1683379515
dimwishlist:item=3186018373&perks=4090651448,1885400500,3418782618,4104185692
dimwishlist:item=3186018373&perks=1482024992,1885400500,3418782618,4104185692
dimwishlist:item=3186018373&perks=3250034553,1885400500,3418782618,4104185692
dimwishlist:item=3186018373&perks=1392496348,1885400500,3418782618,4104185692
dimwishlist:item=3186018373&perks=4090651448,679225683,3418782618,4104185692
dimwishlist:item=3186018373&perks=1482024992,679225683,3418782618,4104185692
dimwishlist:item=3186018373&perks=3250034553,679225683,3418782618,4104185692
dimwishlist:item=3186018373&perks=1392496348,679225683,3418782618,4104185692
dimwishlist:item=3186018373&perks=4090651448,1968497646,3418782618,4104185692
dimwishlist:item=3186018373&perks=1482024992,1968497646,3418782618,4104185692
dimwishlist:item=3186018373&perks=3250034553,1968497646,3418782618,4104185692
dimwishlist:item=3186018373&perks=1392496348,1968497646,3418782618,4104185692
dimwishlist:item=3186018373&perks=4090651448,1561002382,3418782618,4104185692
dimwishlist:item=3186018373&perks=1482024992,1561002382,3418782618,4104185692
dimwishlist:item=3186018373&perks=3250034553,1561002382,3418782618,4104185692
dimwishlist:item=3186018373&perks=1392496348,1561002382,3418782618,4104185692
dimwishlist:item=3186018373&perks=4090651448,3230963543,3418782618,4104185692
dimwishlist:item=3186018373&perks=1482024992,3230963543,3418782618,4104185692
dimwishlist:item=3186018373&perks=3250034553,3230963543,3418782618,4104185692
dimwishlist:item=3186018373&perks=1392496348,3230963543,3418782618,4104185692
dimwishlist:item=3186018373&perks=4090651448,1885400500,3436462433,4104185692
dimwishlist:item=3186018373&perks=1482024992,1885400500,3436462433,4104185692
dimwishlist:item=3186018373&perks=3250034553,1885400500,3436462433,4104185692
dimwishlist:item=3186018373&perks=1392496348,1885400500,3436462433,4104185692
dimwishlist:item=3186018373&perks=4090651448,679225683,3436462433,4104185692
dimwishlist:item=3186018373&perks=1482024992,679225683,3436462433,4104185692
dimwishlist:item=3186018373&perks=3250034553,679225683,3436462433,4104185692
dimwishlist:item=3186018373&perks=1392496348,679225683,3436462433,4104185692
dimwishlist:item=3186018373&perks=4090651448,1968497646,3436462433,4104185692
dimwishlist:item=3186018373&perks=1482024992,1968497646,3436462433,4104185692
dimwishlist:item=3186018373&perks=3250034553,1968497646,3436462433,4104185692
dimwishlist:item=3186018373&perks=1392496348,1968497646,3436462433,4104185692
dimwishlist:item=3186018373&perks=4090651448,1561002382,3436462433,4104185692
dimwishlist:item=3186018373&perks=1482024992,1561002382,3436462433,4104185692
dimwishlist:item=3186018373&perks=3250034553,1561002382,3436462433,4104185692
dimwishlist:item=3186018373&perks=1392496348,1561002382,3436462433,4104185692
dimwishlist:item=3186018373&perks=4090651448,3230963543,3436462433,4104185692
dimwishlist:item=3186018373&perks=1482024992,3230963543,3436462433,4104185692
dimwishlist:item=3186018373&perks=3250034553,3230963543,3436462433,4104185692
dimwishlist:item=3186018373&perks=1392496348,3230963543,3436462433,4104185692
dimwishlist:item=3186018373&perks=4090651448,1885400500,2450788523,4104185692
dimwishlist:item=3186018373&perks=1482024992,1885400500,2450788523,4104185692
dimwishlist:item=3186018373&perks=3250034553,1885400500,2450788523,4104185692
dimwishlist:item=3186018373&perks=1392496348,1885400500,2450788523,4104185692
dimwishlist:item=3186018373&perks=4090651448,679225683,2450788523,4104185692
dimwishlist:item=3186018373&perks=1482024992,679225683,2450788523,4104185692
dimwishlist:item=3186018373&perks=3250034553,679225683,2450788523,4104185692
dimwishlist:item=3186018373&perks=1392496348,679225683,2450788523,4104185692
dimwishlist:item=3186018373&perks=4090651448,1968497646,2450788523,4104185692
dimwishlist:item=3186018373&perks=1482024992,1968497646,2450788523,4104185692
dimwishlist:item=3186018373&perks=3250034553,1968497646,2450788523,4104185692
dimwishlist:item=3186018373&perks=1392496348,1968497646,2450788523,4104185692
dimwishlist:item=3186018373&perks=4090651448,1561002382,2450788523,4104185692
dimwishlist:item=3186018373&perks=1482024992,1561002382,2450788523,4104185692
dimwishlist:item=3186018373&perks=3250034553,1561002382,2450788523,4104185692
dimwishlist:item=3186018373&perks=1392496348,1561002382,2450788523,4104185692
dimwishlist:item=3186018373&perks=4090651448,3230963543,2450788523,4104185692
dimwishlist:item=3186018373&perks=1482024992,3230963543,2450788523,4104185692
dimwishlist:item=3186018373&perks=3250034553,3230963543,2450788523,4104185692
dimwishlist:item=3186018373&perks=1392496348,3230963543,2450788523,4104185692


// Vision of Confluence (Timelost)
dimwishlist:item=690668916&perks=4090651448,1885400500,3418782618,3824105627
dimwishlist:item=690668916&perks=1482024992,1885400500,3418782618,3824105627
dimwishlist:item=690668916&perks=3250034553,1885400500,3418782618,3824105627
dimwishlist:item=690668916&perks=1392496348,1885400500,3418782618,3824105627
dimwishlist:item=690668916&perks=4090651448,679225683,3418782618,3824105627
dimwishlist:item=690668916&perks=1482024992,679225683,3418782618,3824105627
dimwishlist:item=690668916&perks=3250034553,679225683,3418782618,3824105627
dimwishlist:item=690668916&perks=1392496348,679225683,3418782618,3824105627
dimwishlist:item=690668916&perks=4090651448,1968497646,3418782618,3824105627
dimwishlist:item=690668916&perks=1482024992,1968497646,3418782618,3824105627
dimwishlist:item=690668916&perks=3250034553,1968497646,3418782618,3824105627
dimwishlist:item=690668916&perks=1392496348,1968497646,3418782618,3824105627
dimwishlist:item=690668916&perks=4090651448,1561002382,3418782618,3824105627
dimwishlist:item=690668916&perks=1482024992,1561002382,3418782618,3824105627
dimwishlist:item=690668916&perks=3250034553,1561002382,3418782618,3824105627
dimwishlist:item=690668916&perks=1392496348,1561002382,3418782618,3824105627
dimwishlist:item=690668916&perks=4090651448,3230963543,3418782618,3824105627
dimwishlist:item=690668916&perks=1482024992,3230963543,3418782618,3824105627
dimwishlist:item=690668916&perks=3250034553,3230963543,3418782618,3824105627
dimwishlist:item=690668916&perks=1392496348,3230963543,3418782618,3824105627
dimwishlist:item=690668916&perks=4090651448,1885400500,3436462433,3824105627
dimwishlist:item=690668916&perks=1482024992,1885400500,3436462433,3824105627
dimwishlist:item=690668916&perks=3250034553,1885400500,3436462433,3824105627
dimwishlist:item=690668916&perks=1392496348,1885400500,3436462433,3824105627
dimwishlist:item=690668916&perks=4090651448,679225683,3436462433,3824105627
dimwishlist:item=690668916&perks=1482024992,679225683,3436462433,3824105627
dimwishlist:item=690668916&perks=3250034553,679225683,3436462433,3824105627
dimwishlist:item=690668916&perks=1392496348,679225683,3436462433,3824105627
dimwishlist:item=690668916&perks=4090651448,1968497646,3436462433,3824105627
dimwishlist:item=690668916&perks=1482024992,1968497646,3436462433,3824105627
dimwishlist:item=690668916&perks=3250034553,1968497646,3436462433,3824105627
dimwishlist:item=690668916&perks=1392496348,1968497646,3436462433,3824105627
dimwishlist:item=690668916&perks=4090651448,1561002382,3436462433,3824105627
dimwishlist:item=690668916&perks=1482024992,1561002382,3436462433,3824105627
dimwishlist:item=690668916&perks=3250034553,1561002382,3436462433,3824105627
dimwishlist:item=690668916&perks=1392496348,1561002382,3436462433,3824105627
dimwishlist:item=690668916&perks=4090651448,3230963543,3436462433,3824105627
dimwishlist:item=690668916&perks=1482024992,3230963543,3436462433,3824105627
dimwishlist:item=690668916&perks=3250034553,3230963543,3436462433,3824105627
dimwishlist:item=690668916&perks=1392496348,3230963543,3436462433,3824105627
dimwishlist:item=690668916&perks=4090651448,1885400500,2450788523,3824105627
dimwishlist:item=690668916&perks=1482024992,1885400500,2450788523,3824105627
dimwishlist:item=690668916&perks=3250034553,1885400500,2450788523,3824105627
dimwishlist:item=690668916&perks=1392496348,1885400500,2450788523,3824105627
dimwishlist:item=690668916&perks=4090651448,679225683,2450788523,3824105627
dimwishlist:item=690668916&perks=1482024992,679225683,2450788523,3824105627
dimwishlist:item=690668916&perks=3250034553,679225683,2450788523,3824105627
dimwishlist:item=690668916&perks=1392496348,679225683,2450788523,3824105627
dimwishlist:item=690668916&perks=4090651448,1968497646,2450788523,3824105627
dimwishlist:item=690668916&perks=1482024992,1968497646,2450788523,3824105627
dimwishlist:item=690668916&perks=3250034553,1968497646,2450788523,3824105627
dimwishlist:item=690668916&perks=1392496348,1968497646,2450788523,3824105627
dimwishlist:item=690668916&perks=4090651448,1561002382,2450788523,3824105627
dimwishlist:item=690668916&perks=1482024992,1561002382,2450788523,3824105627
dimwishlist:item=690668916&perks=3250034553,1561002382,2450788523,3824105627
dimwishlist:item=690668916&perks=1392496348,1561002382,2450788523,3824105627
dimwishlist:item=690668916&perks=4090651448,3230963543,2450788523,3824105627
dimwishlist:item=690668916&perks=1482024992,3230963543,2450788523,3824105627
dimwishlist:item=690668916&perks=3250034553,3230963543,2450788523,3824105627
dimwishlist:item=690668916&perks=1392496348,3230963543,2450788523,3824105627
dimwishlist:item=690668916&perks=4090651448,1885400500,3418782618,1683379515
dimwishlist:item=690668916&perks=1482024992,1885400500,3418782618,1683379515
dimwishlist:item=690668916&perks=3250034553,1885400500,3418782618,1683379515
dimwishlist:item=690668916&perks=1392496348,1885400500,3418782618,1683379515
dimwishlist:item=690668916&perks=4090651448,679225683,3418782618,1683379515
dimwishlist:item=690668916&perks=1482024992,679225683,3418782618,1683379515
dimwishlist:item=690668916&perks=3250034553,679225683,3418782618,1683379515
dimwishlist:item=690668916&perks=1392496348,679225683,3418782618,1683379515
dimwishlist:item=690668916&perks=4090651448,1968497646,3418782618,1683379515
dimwishlist:item=690668916&perks=1482024992,1968497646,3418782618,1683379515
dimwishlist:item=690668916&perks=3250034553,1968497646,3418782618,1683379515
dimwishlist:item=690668916&perks=1392496348,1968497646,3418782618,1683379515
dimwishlist:item=690668916&perks=4090651448,1561002382,3418782618,1683379515
dimwishlist:item=690668916&perks=1482024992,1561002382,3418782618,1683379515
dimwishlist:item=690668916&perks=3250034553,1561002382,3418782618,1683379515
dimwishlist:item=690668916&perks=1392496348,1561002382,3418782618,1683379515
dimwishlist:item=690668916&perks=4090651448,3230963543,3418782618,1683379515
dimwishlist:item=690668916&perks=1482024992,3230963543,3418782618,1683379515
dimwishlist:item=690668916&perks=3250034553,3230963543,3418782618,1683379515
dimwishlist:item=690668916&perks=1392496348,3230963543,3418782618,1683379515
dimwishlist:item=690668916&perks=4090651448,1885400500,3436462433,1683379515
dimwishlist:item=690668916&perks=1482024992,1885400500,3436462433,1683379515
dimwishlist:item=690668916&perks=3250034553,1885400500,3436462433,1683379515
dimwishlist:item=690668916&perks=1392496348,1885400500,3436462433,1683379515
dimwishlist:item=690668916&perks=4090651448,679225683,3436462433,1683379515
dimwishlist:item=690668916&perks=1482024992,679225683,3436462433,1683379515
dimwishlist:item=690668916&perks=3250034553,679225683,3436462433,1683379515
dimwishlist:item=690668916&perks=1392496348,679225683,3436462433,1683379515
dimwishlist:item=690668916&perks=4090651448,1968497646,3436462433,1683379515
dimwishlist:item=690668916&perks=1482024992,1968497646,3436462433,1683379515
dimwishlist:item=690668916&perks=3250034553,1968497646,3436462433,1683379515
dimwishlist:item=690668916&perks=1392496348,1968497646,3436462433,1683379515
dimwishlist:item=690668916&perks=4090651448,1561002382,3436462433,1683379515
dimwishlist:item=690668916&perks=1482024992,1561002382,3436462433,1683379515
dimwishlist:item=690668916&perks=3250034553,1561002382,3436462433,1683379515
dimwishlist:item=690668916&perks=1392496348,1561002382,3436462433,1683379515
dimwishlist:item=690668916&perks=4090651448,3230963543,3436462433,1683379515
dimwishlist:item=690668916&perks=1482024992,3230963543,3436462433,1683379515
dimwishlist:item=690668916&perks=3250034553,3230963543,3436462433,1683379515
dimwishlist:item=690668916&perks=1392496348,3230963543,3436462433,1683379515
dimwishlist:item=690668916&perks=4090651448,1885400500,2450788523,1683379515
dimwishlist:item=690668916&perks=1482024992,1885400500,2450788523,1683379515
dimwishlist:item=690668916&perks=3250034553,1885400500,2450788523,1683379515
dimwishlist:item=690668916&perks=1392496348,1885400500,2450788523,1683379515
dimwishlist:item=690668916&perks=4090651448,679225683,2450788523,1683379515
dimwishlist:item=690668916&perks=1482024992,679225683,2450788523,1683379515
dimwishlist:item=690668916&perks=3250034553,679225683,2450788523,1683379515
dimwishlist:item=690668916&perks=1392496348,679225683,2450788523,1683379515
dimwishlist:item=690668916&perks=4090651448,1968497646,2450788523,1683379515
dimwishlist:item=690668916&perks=1482024992,1968497646,2450788523,1683379515
dimwishlist:item=690668916&perks=3250034553,1968497646,2450788523,1683379515
dimwishlist:item=690668916&perks=1392496348,1968497646,2450788523,1683379515
dimwishlist:item=690668916&perks=4090651448,1561002382,2450788523,1683379515
dimwishlist:item=690668916&perks=1482024992,1561002382,2450788523,1683379515
dimwishlist:item=690668916&perks=3250034553,1561002382,2450788523,1683379515
dimwishlist:item=690668916&perks=1392496348,1561002382,2450788523,1683379515
dimwishlist:item=690668916&perks=4090651448,3230963543,2450788523,1683379515
dimwishlist:item=690668916&perks=1482024992,3230963543,2450788523,1683379515
dimwishlist:item=690668916&perks=3250034553,3230963543,2450788523,1683379515
dimwishlist:item=690668916&perks=1392496348,3230963543,2450788523,1683379515
dimwishlist:item=690668916&perks=4090651448,1885400500,3418782618,4104185692
dimwishlist:item=690668916&perks=1482024992,1885400500,3418782618,4104185692
dimwishlist:item=690668916&perks=3250034553,1885400500,3418782618,4104185692
dimwishlist:item=690668916&perks=1392496348,1885400500,3418782618,4104185692
dimwishlist:item=690668916&perks=4090651448,679225683,3418782618,4104185692
dimwishlist:item=690668916&perks=1482024992,679225683,3418782618,4104185692
dimwishlist:item=690668916&perks=3250034553,679225683,3418782618,4104185692
dimwishlist:item=690668916&perks=1392496348,679225683,3418782618,4104185692
dimwishlist:item=690668916&perks=4090651448,1968497646,3418782618,4104185692
dimwishlist:item=690668916&perks=1482024992,1968497646,3418782618,4104185692
dimwishlist:item=690668916&perks=3250034553,1968497646,3418782618,4104185692
dimwishlist:item=690668916&perks=1392496348,1968497646,3418782618,4104185692
dimwishlist:item=690668916&perks=4090651448,1561002382,3418782618,4104185692
dimwishlist:item=690668916&perks=1482024992,1561002382,3418782618,4104185692
dimwishlist:item=690668916&perks=3250034553,1561002382,3418782618,4104185692
dimwishlist:item=690668916&perks=1392496348,1561002382,3418782618,4104185692
dimwishlist:item=690668916&perks=4090651448,3230963543,3418782618,4104185692
dimwishlist:item=690668916&perks=1482024992,3230963543,3418782618,4104185692
dimwishlist:item=690668916&perks=3250034553,3230963543,3418782618,4104185692
dimwishlist:item=690668916&perks=1392496348,3230963543,3418782618,4104185692
dimwishlist:item=690668916&perks=4090651448,1885400500,3436462433,4104185692
dimwishlist:item=690668916&perks=1482024992,1885400500,3436462433,4104185692
dimwishlist:item=690668916&perks=3250034553,1885400500,3436462433,4104185692
dimwishlist:item=690668916&perks=1392496348,1885400500,3436462433,4104185692
dimwishlist:item=690668916&perks=4090651448,679225683,3436462433,4104185692
dimwishlist:item=690668916&perks=1482024992,679225683,3436462433,4104185692
dimwishlist:item=690668916&perks=3250034553,679225683,3436462433,4104185692
dimwishlist:item=690668916&perks=1392496348,679225683,3436462433,4104185692
dimwishlist:item=690668916&perks=4090651448,1968497646,3436462433,4104185692
dimwishlist:item=690668916&perks=1482024992,1968497646,3436462433,4104185692
dimwishlist:item=690668916&perks=3250034553,1968497646,3436462433,4104185692
dimwishlist:item=690668916&perks=1392496348,1968497646,3436462433,4104185692
dimwishlist:item=690668916&perks=4090651448,1561002382,3436462433,4104185692
dimwishlist:item=690668916&perks=1482024992,1561002382,3436462433,4104185692
dimwishlist:item=690668916&perks=3250034553,1561002382,3436462433,4104185692
dimwishlist:item=690668916&perks=1392496348,1561002382,3436462433,4104185692
dimwishlist:item=690668916&perks=4090651448,3230963543,3436462433,4104185692
dimwishlist:item=690668916&perks=1482024992,3230963543,3436462433,4104185692
dimwishlist:item=690668916&perks=3250034553,3230963543,3436462433,4104185692
dimwishlist:item=690668916&perks=1392496348,3230963543,3436462433,4104185692
dimwishlist:item=690668916&perks=4090651448,1885400500,2450788523,4104185692
dimwishlist:item=690668916&perks=1482024992,1885400500,2450788523,4104185692
dimwishlist:item=690668916&perks=3250034553,1885400500,2450788523,4104185692
dimwishlist:item=690668916&perks=1392496348,1885400500,2450788523,4104185692
dimwishlist:item=690668916&perks=4090651448,679225683,2450788523,4104185692
dimwishlist:item=690668916&perks=1482024992,679225683,2450788523,4104185692
dimwishlist:item=690668916&perks=3250034553,679225683,2450788523,4104185692
dimwishlist:item=690668916&perks=1392496348,679225683,2450788523,4104185692
dimwishlist:item=690668916&perks=4090651448,1968497646,2450788523,4104185692
dimwishlist:item=690668916&perks=1482024992,1968497646,2450788523,4104185692
dimwishlist:item=690668916&perks=3250034553,1968497646,2450788523,4104185692
dimwishlist:item=690668916&perks=1392496348,1968497646,2450788523,4104185692
dimwishlist:item=690668916&perks=4090651448,1561002382,2450788523,4104185692
dimwishlist:item=690668916&perks=1482024992,1561002382,2450788523,4104185692
dimwishlist:item=690668916&perks=3250034553,1561002382,2450788523,4104185692
dimwishlist:item=690668916&perks=1392496348,1561002382,2450788523,4104185692
dimwishlist:item=690668916&perks=4090651448,3230963543,2450788523,4104185692
dimwishlist:item=690668916&perks=1482024992,3230963543,2450788523,4104185692
dimwishlist:item=690668916&perks=3250034553,3230963543,2450788523,4104185692
dimwishlist:item=690668916&perks=1392496348,3230963543,2450788523,4104185692

